((("kbd" .
   [2 0 0])
  ("Global" .
   [0 0 0 1 0 0])
  ("autoload" .
   [0 0 0 0 0 0 1 0])
  ("config-magit" .
   [0 0 0 0 0 0 0 0 0 0 1 0])
  ("winner" .
   [0 0 0 0 1 0])
  ("window" .
   [0 0 0 1 0 0])
  (":init" .
   [2 0 0 0 2])
  ("auto" .
   [1 0 0 0])
  ("helm-ag" .
   [1 0 0 0 0 0 0])
  ("sr-speedbar" .
   [0 0 0 1 1 0 0 0 0 0 0])
  ("magit-status" .
   [1 0 0 0 0 0 0 0 0 0 0 0])
  ("magit" .
   [1 0 0 0 0])
  ("Magit" .
   [1 0 0 0 0])
  ("smartparens" .
   [1 0 0 0 0 0 0 0 0 0 0])
  ("auto-complete-config" .
   [0 0 0 0 0 0 0 0 0 0 0 0 0 0 0 0 1 0 0 0])
  (":ensure" .
   [0 0 2 5 2 2 0])
  (":config" .
   [7 0 0 1 5 0 0])
  ("xcscope" .
   [0 0 2 0 0 0 0])
  ("e" .
   [1])
  ("zenburn-bg-2" .
   [1 0 0 0 0 0 0 0 0 0 0 0])
  ("helm" .
   [0 0 1 1])
  ("volatile" .
   [0 0 0 0 1 0 0 0])
  ("__IO" .
   [1 0 0 0])
  ("ui32" .
   [1 0 0 0])
  ("my-ecb-active-or-deactive" .
   [0 0 0 0 1 0 0 0 0 0 0 0 0 0 0 0 0 0 0 0 0 0 0 0 0])
  ("paper_in_cnt" .
   [1 0 0 0 0 0 0 0 0 0 0 0])
  ("GPIO_Pin_14" .
   [1 0 0 0 0 0 0 0 0 0 0])
  ("GPIOB" .
   [1 0 0 0 0])
  ("G" .
   [1])
  ("TRISD" .
   [1 0 0 0 0])
  ("ModeF" .
   [1 0 0 0 0])
  ("m" .
   [1])
  ("_Key_B" .
   [0 0 0 0 0 1])
  ("0x5A" .
   [1 0 0 0])
  ("0x11" .
   [1 0 0 0])
  ("0x1" .
   [1 0 0])
  ("Delay" .
   [1 0 0 0 0])
  ("DelayUs" .
   [0 0 0 1 0 0 0])
  ("T_IO" .
   [0 0 1 0])
  ("CoolX" .
   [0 0 0 0 2])
  ("FAN_RUNF" .
   [0 0 0 0 3 0 0 0])
  ("FanOut" .
   [0 0 0 0 2 0])
  ("Val2_OFF" .
   [3 0 0 0 0 0 1 2])
  ("Val2_ON" .
   [4 0 0 0 0 0 0])
  ("Val_ON" .
   [8 0 0 0 1 0])
  ("HLType1" .
   [1 0 0 0 0 0 0])
  ("incl" .
   [1 0 0 0])
  ("counsel" .
   [1 0 0 0 0 0 0])
  ("require" .
   [0 0 4 1 0 0 0])
  ("swiper" .
   [0 0 0 1 0 0])
  ("ch" .
   [2 0])
  ("d" .
   [1])
  ("uint8_t" .
   [0 0 0 1 1 0 0])
  ("Send" .
   [1 0 0 0])
  ("Task" .
   [1 0 0 0])
  ("NULL" .
   [0 0 1 0])
  ("LED0" .
   [1 0 0 0])
  ("LED" .
   [1 0 0])
  ("vTask_LED0" .
   [0 0 1 0 0 0 0 0 0 0])
  ("comment" .
   [1 0 0 0 0 0 0])
  ("const" .
   [1 0 0 0 1])
  ("cos" .
   [2 0 1])
  ("a" .
   [1])
  ("ModelSim" .
   [0 0 0 0 0 1 0 0])
  ("main" .
   [1 0 0 0])
  ("NVIC" .
   [4 0 0 2])
  ("NVIC_PriorityGroup" .
   [0 0 0 0 0 0 1 0 0 0 0 0 0 0 0 0 0 0])
  ("NVIC_PriorityGroup_2" .
   [0 0 0 0 0 0 0 0 0 0 0 0 0 0 0 0 0 1 0 0])
  ("NVIC_Init" .
   [0 0 0 0 0 0 0 0 1])
  ("NVIC_IRQChannel" .
   [0 0 0 0 0 0 0 0 0 0 0 0 0 0 2])
  ("USART1_IRQn" .
   [0 0 0 0 0 0 0 0 0 0 1])
  ("NVIC_IRQChannelCmd" .
   [1 0 0 0 0 0 0 0 0 0 0 0 0 0 0 0 0 0])
  ("ENABLE" .
   [1 0 1 1 0 0])
  ("setq" .
   [1 0 0 0])
  ("USART" .
   [0 0 1 0 2])
  ("USART_Get" .
   [0 0 0 0 0 0 0 0 1])
  ("COM1" .
   [0 0 1 0])
  ("C" .
   [1])
  ("USART_FLAG" .
   [0 0 0 0 0 0 0 0 0 1])
  ("USART_FLAG_RXNE" .
   [1 0 0 0 0 0 0 0 0 0 0 0 0 0 0])
  ("SET" .
   [0 0 1])
  ("Dat_Temp" .
   [1 0 0 1 0 0 0 0])
  ("sFLASH_Init" .
   [0 0 1 0 0 0 0 0 0 0 0])
  ("Bsp_Init" .
   [0 0 1 0 0 0 0 0])
  ("FlashID" .
   [0 0 1 0 0 0 0])
  ("sFLASH_ReadID" .
   [0 0 0 1 0 0 0 0 0 0 0 0 0])
  ("res" .
   [1 0 0])
  ("is" .
   [1 0])
  ("endmodule" .
   [0 0 0 0 0 1 0 0 0])
  ("input" .
   [0 0 0 0 1])
  ("break" .
   [0 0 0 0 3])
  ("Val_OFF" .
   [3 0 0 0 1 0 2])
  ("Val" .
   [0 0 1])
  ("Val2" .
   [7 0 0 0])
  ("WindSP" .
   [1 0 0 0 1 0])
  ("FANT3" .
   [2 0 0 0 0])
  ("Coolx" .
   [2 0 0 0 0])
  ("FANT1" .
   [2 1 0 0 0])
  ("FANT2" .
   [2 0 0 0 0])
  ("emacs" .
   [1 0 0 0 0])
  ("FlashF" .
   [1 0 0 0 0 0])
  ("ModeSP" .
   [3 0 0 0 0 11])
  ("Clear_FanDiplay" .
   [1 0 0 0 0 1 0 0 0 0 0 0 0 0 0])
  ("SetTemp" .
   [0 0 0 0 0 0 1])
  ("SetTemp_B" .
   [3 0 0 0 0 0 0 0 0])
  ("Bit6" .
   [1 0 0 0])
  ("_Flag5" .
   [1 0 0 0 0 0])
  ("Bit7" .
   [1 0 0 0])
  ("_Flag6" .
   [2 0 0 0 0 0])
  ("Flag6" .
   [1 0 0 0 0])
  ("Byte" .
   [1 0 0 0])
  ("FanF" .
   [2 0 0 0])
  ("Lcd_P" .
   [1 0 0 0 0])
  ("T74_Select" .
   [1 0 0 0 0 0 0 0 0 0])
  ("SetX" .
   [1 0 0 0])
  ("SETX" .
   [1 0 0 0])
  ("StateReg" .
   [2 0 0 0 0 0 1 0])
  ("_DisBufer5" .
   [2 0 0 0 0 0 0 0 0 0])
  ("USART_SendByte" .
   [1 0 0 0 0 0 0 0 0 0 0 0 0 0])
  ("Celsius2X" .
   [0 0 0 0 0 0 0 1 0])
  ("0x82" .
   [2 0 0 0])
  ("Temp" .
   [1 0 0 0])
  ("0xff" .
   [1 0 0 0])
  ("c" .
   [1])
  ("strings" .
   [0 0 0 0 0 0 1])
  ("string" .
   [1 0 0 0 0 0])
  ("cedet" .
   [0 0 0 0 1])
  ("semantic" .
   [0 0 0 0 1 0 0 0])
  ("semantic/analyze" .
   [0 0 0 0 0 0 0 0 0 0 0 1 0 0 0 0])
  ("provide" .
   [0 0 0 1 1 0 0])
  ("config-cedet-semantic" .
   [0 0 0 0 0 0 0 0 0 1 0 0 0 0 0 0 0 0 0 0 0])
  ("gtags" .
   [1 0 0 0 0])
  (":bind" .
   [4 0 0 0 0])
  ("config-helm" .
   [1 0 0 0 0 0 0 0 0 0 0])
  ("use-package" .
   [0 0 0 3 1 0 0 0 0 0 0])
  (":defer" .
   [2 0 0 0 0 0])
  ("goto-chg" .
   [1 0 0 0 0 0 0 0])
  ("this" .
   [1 0 0 0])))
